function [ A B C D ] = createSysMats( v )
%UNTITLED3 Summary of this function goes here
%   Detailed explanation goes here

A = [	0		1			0						0;...
		9.4865	-0.1055*v	-(0.5713+0.8912*v^2)	-0.3305*v;...
		0		0			0						1;...
		11.7155	3.6768*v	-(-30.8982+1.9717*v^2)	-3.0849*v];

B = [	0		0;...
		0.0159	-0.1241;...
		0		0;...
		-0.1241	4.3228];
	
C = [	1 0 0 0;...
		0 0 1 0];
%D = 0;
D = [	0	0;...
		0	0];

end

